Unity Projects/Assets/StreamingAssets/SceneData/Snow/Terrain File/Terrain.asc
ncols        946
nrows        881
xllcorner    482140.000000000000
yllcorner    6747940.000000000000
cellsize     2.000000000000
NODATA_value -9999
[rows 304 to 341 of 881, columns 504 to 587 of 946]
1284 1288 1290 1286 1287 1287 1287 1287 1285 1285 1285 1285 1284 1286 1286 1286 1284 1284 1285 1285 1283 1283 1283 1276 1276 1276 1273 1273 1273 1274 1272 1272 1269 1276 1276 1276 1273 1273 1275 1277 1277 1274 1274 1274 1274 1268 1268 1268 1266 1266 1268 1268 1265 1265 1266 1266 1264 1264 1264 1264 1264 1263 1265 1265 1266 1258 1258 1255 1255 1256 1256 1256 1254 1254 1255 1255 1248 1248 1248 1246 1247 1247 1247 1247
1284 1288 1288 1286 1286 1287 1287 1285 1285 1285 1285 1284 1284 1284 1286 1286 1284 1284 1284 1285 1279 1279 1276 1276 1276 1276 1270 1270 1267 1267 1267 1269 1269 1268 1268 1270 1270 1270 1267 1267 1270 1270 1274 1267 1267 1268 1268 1266 1266 1266 1268 1268 1265 1265 1265 1266 1260 1260 1257 1257 1259 1259 1259 1256 1256 1258 1258 1255 1255 1255 1256 1250 1250 1250 1247 1247 1248 1248 1246 1246 1246 1247 1247 1247
1282 1288 1288 1286 1286 1287 1287 1285 1285 1285 1280 1281 1281 1281 1280 1280 1281 1281 1281 1279 1279 1279 1276 1276 1276 1270 1270 1270 1267 1267 1267 1269 1269 1268 1268 1268 1270 1270 1267 1267 1267 1270 1270 1267 1267 1260 1260 1262 1262 1262 1260 1260 1262 1262 1259 1259 1260 1260 1257 1257 1259 1259 1252 1252 1256 1249 1249 1251 1251 1249 1249 1249 1250 1250 1247 1247 1247 1248 1243 1246 1246 1247 1247 1247
1282 1283 1284 1284 1284 1281 1281 1282 1282 1282 1280 1280 1281 1281 1280 1280 1281 1281 1279 1279 1279 1279 1274 1274 1274 1270 1270 1270 1264 1264 1264 1261 1261 1264 1264 1264 1262 1262 1263 1263 1261 1261 1263 1263 1263 1260 1260 1262 1262 1262 1260 1260 1262 1262 1259 1259 1252 1253 1253 1253 1251 1251 1252 1252 1252 1249 1249 1251 1251 1244 1249 1249 1242 1243 1243 1243 1241 1241 1243 1243 1243 1242 1242 1244
1283 1283 1284 1284 1284 1281 1281 1282 1282 1280 1280 1280 1281 1281 1280 1280 1280 1281 1277 1277 1277 1274 1274 1274 1274 1270 1270 1265 1264 1264 1264 1261 1261 1264 1264 1264 1262 1262 1263 1263 1261 1261 1261 1263 1263 1255 1255 1253 1253 1254 1256 1256 1255 1255 1255 1255 1252 1252 1253 1253 1251 1251 1251 1252 1243 1245 1245 1243 1243 1244 1244 1242 1242 1242 1243 1243 1241 1241 1243 1243 1242 1242 1242 1244
1283 1283 1283 1284 1284 1281 1281 1281 1276 1277 1277 1277 1276 1276 1277 1277 1277 1275 1277 1277 1277 1274 1274 1274 1268 1268 1268 1265 1265 1264 1264 1261 1261 1261 1264 1262 1262 1262 1262 1257 1257 1257 1257 1255 1255 1255 1255 1253 1253 1254 1254 1252 1255 1255 1255 1248 1248 1252 1245 1247 1247 1247 1244 1243 1243 1245 1245 1243 1243 1243 1244 1239 1239 1239 1237 1238 1238 1238 1238 1237 1242 1242 1242 1244
1274 1279 1279 1278 1279 1279 1279 1276 1276 1277 1277 1277 1276 1276 1277 1277 1275 1275 1275 1277 1277 1274 1274 1274 1268 1268 1268 1265 1265 1265 1259 1259 1259 1259 1257 1260 1260 1260 1257 1257 1257 1257 1255 1255 1255 1255 1249 1249 1249 1247 1252 1249 1249 1246 1246 1248 1248 1245 1245 1245 1247 1244 1244 1241 1241 1241 1238 1239 1239 1238 1238 1239 1239 1239 1237 1237 1238 1238 1237 1237 1239 1239 1239 1238
1271 1279 1278 1278 1278 1279 1279 1276 1276 1276 1277 1276 1276 1276 1276 1277 1275 1273 1273 1271 1272 1272 1272 1270 1270 1270 1268 1265 1263 1263 1260 1259 1259 1257 1257 1257 1260 1260 1257 1257 1257 1257 1252 1252 1252 1249 1249 1249 1249 1247 1247 1249 1249 1246 1246 1246 1248 1242 1242 1242 1240 1241 1241 1241 1241 1238 1238 1239 1239 1238 1238 1238 1239 1237 1237 1237 1238 1238 1237 1237 1239 1239 1238 1238
1271 1272 1278 1278 1278 1278 1273 1274 1274 1274 1271 1271 1273 1273 1271 1271 1273 1273 1273 1271 1271 1272 1272 1270 1270 1270 1263 1263 1263 1263 1260 1260 1259 1257 1257 1257 1260 1260 1254 1254 1254 1251 1252 1252 1252 1249 1249 1249 1247 1247 1247 1249 1249 1243 1243 1243 1241 1242 1242 1242 1240 1240 1241 1241 1241 1238 1238 1238 1239 1235 1235 1235 1233 1235 1235 1235 1234 1235 1235 1235 1237 1239 1238 1238
1272 1272 1272 1275 1275 1273 1273 1274 1274 1274 1271 1271 1273 1273 1271 1271 1271 1273 1273 1271 1271 1271 1272 1267 1267 1267 1264 1264 1263 1260 1260 1260 1254 1254 1254 1254 1253 1253 1254 1254 1251 1251 1251 1252 1249 1249 1249 1249 1245 1245 1245 1243 1243 1243 1243 1241 1241 1241 1242 1240 1240 1240 1238 1236 1236 1236 1236 1234 1234 1235 1235 1235 1233 1233 1235 1235 1234 1234 1235 1235 1234 1234 1235 1235
1272 1272 1275 1275 1275 1273 1273 1273 1274 1271 1271 1268 1267 1267 1268 1268 1268 1267 1268 1268 1268 1268 1266 1267 1267 1267 1264 1264 1264 1258 1258 1258 1254 1254 1254 1254 1253 1253 1253 1254 1248 1248 1248 1246 1247 1247 1247 1245 1245 1245 1245 1243 1243 1243 1243 1241 1238 1238 1237 1237 1238 1238 1238 1236 1236 1236 1236 1234 1234 1234 1235 1233 1233 1233 1235 1234 1234 1234 1235 1234 1234 1234 1235 1235
1268 1268 1268 1268 1268 1269 1269 1269 1267 1268 1268 1268 1267 1267 1268 1268 1268 1267 1267 1268 1268 1266 1266 1266 1267 1267 1264 1264 1259 1259 1258 1258 1254 1254 1248 1248 1250 1250 1247 1247 1248 1248 1248 1246 1246 1247 1247 1245 1245 1245 1245 1243 1241 1241 1238 1238 1238 1238 1237 1237 1238 1238 1236 1236 1236 1236 1236 1234 1234 1234 1229 1231 1231 1231 1230 1230 1231 1231 1231 1232 1232 1234 1235 1234
1261 1268 1268 1268 1268 1269 1269 1267 1267 1267 1268 1268 1267 1267 1267 1268 1267 1267 1267 1267 1268 1266 1263 1263 1261 1262 1262 1262 1259 1259 1259 1251 1251 1251 1248 1248 1250 1250 1247 1247 1247 1248 1246 1246 1246 1247 1245 1245 1243 1243 1241 1241 1241 1241 1238 1238 1238 1238 1237 1237 1237 1238 1236 1236 1233 1233 1230 1231 1231 1231 1229 1229 1231 1231 1230 1230 1229 1231 1231 1232 1232 1232 1230 1231
1261 1261 1261 1268 1268 1269 1269 1267 1267 1265 1262 1262 1264 1264 1264 1262 1262 1264 1264 1264 1262 1263 1263 1263 1261 1261 1262 1262 1259 1259 1259 1252 1251 1251 1248 1248 1250 1250 1244 1244 1244 1243 1243 1243 1243 1242 1242 1243 1243 1243 1241 1241 1241 1241 1238 1238 1238 1234 1234 1234 1234 1233 1233 1233 1233 1230 1230 1230 1231 1231 1229 1229 1229 1231 1230 1229 1229 1229 1231 1232 1232 1230 1230 1230
1261 1261 1261 1264 1264 1263 1263 1265 1265 1265 1262 1262 1264 1264 1264 1262 1262 1264 1264 1262 1262 1262 1263 1263 1261 1261 1261 1262 1256 1256 1252 1252 1252 1245 1245 1245 1242 1242 1244 1244 1244 1243 1243 1243 1243 1242 1242 1243 1243 1241 1241 1241 1241 1236 1236 1236 1234 1234 1234 1234 1234 1233 1233 1233 1233 1230 1230 1230 1231 1229 1226 1226 1226 1225 1225 1227 1227 1227 1227 1226 1227 1227 1230 1230
1258 1258 1258 1264 1264 1263 1263 1263 1265 1265 1262 1262 1262 1264 1262 1262 1262 1264 1264 1262 1262 1262 1257 1257 1258 1258 1255 1255 1256 1256 1252 1252 1245 1245 1245 1245 1242 1242 1242 1244 1243 1243 1243 1243 1243 1242 1242 1242 1243 1238 1238 1238 1236 1236 1236 1236 1234 1234 1234 1234 1233 1233 1233 1233 1233 1228 1228 1228 1225 1225 1226 1226 1226 1225 1225 1227 1227 1227 1226 1226 1227 1227 1227 1226
1256 1258 1258 1257 1257 1259 1259 1259 1258 1259 1259 1259 1259 1258 1259 1259 1259 1257 1257 1259 1259 1259 1257 1257 1258 1258 1255 1255 1255 1248 1249 1249 1245 1245 1245 1245 1240 1240 1240 1240 1241 1241 1241 1239 1237 1239 1239 1239 1237 1237 1238 1238 1236 1236 1236 1236 1234 1234 1234 1230 1230 1230 1230 1229 1227 1228 1228 1228 1225 1225 1225 1226 1226 1225 1225 1225 1227 1227 1226 1226 1226 1227 1227 1226
1253 1250 1250 1257 1257 1259 1259 1258 1258 1258 1259 1259 1258 1258 1258 1259 1259 1257 1257 1257 1259 1259 1257 1257 1250 1250 1252 1252 1252 1248 1248 1249 1242 1242 1242 1240 1240 1240 1240 1240 1240 1241 1239 1239 1237 1237 1239 1239 1237 1237 1238 1238 1236 1236 1236 1231 1232 1232 1232 1230 1230 1230 1229 1229 1227 1227 1228 1228 1225 1225 1225 1221 1222 1222 1222 1222 1222 1223 1226 1226 1226 1227 1226 1226
1253 1250 1250 1253 1253 1251 1251 1258 1258 1258 1259 1259 1258 1258 1258 1252 1252 1254 1254 1254 1252 1253 1253 1253 1250 1250 1252 1252 1248 1248 1248 1242 1242 1242 1242 1240 1240 1240 1240 1240 1238 1238 1239 1237 1237 1237 1239 1237 1237 1235 1235 1233 1234 1234 1234 1231 1231 1232 1232 1230 1230 1228 1229 1229 1227 1227 1227 1223 1223 1223 1223 1221 1221 1222 1222 1222 1222 1222 1223 1223 1223 1222 1222 1223
1246 1246 1246 1253 1253 1251 1251 1251 1255 1255 1253 1253 1254 1254 1254 1252 1252 1254 1254 1254 1252 1252 1253 1253 1250 1250 1250 1252 1244 1244 1242 1242 1242 1242 1240 1240 1240 1240 1235 1236 1238 1238 1239 1235 1235 1235 1234 1234 1235 1235 1233 1233 1234 1234 1234 1231 1231 1231 1232 1230 1228 1228 1228 1229 1225 1225 1225 1223 1223 1223 1223 1221 1221 1222 1222 1222 1222 1222 1223 1223 1222 1222 1222 1223
1245 1246 1246 1245 1245 1247 1247 1247 1255 1255 1253 1253 1254 1254 1252 1252 1252 1254 1254 1252 1252 1252 1245 1245 1247 1247 1247 1244 1244 1244 1242 1242 1242 1236 1236 1237 1237 1237 1235 1236 1236 1236 1235 1235 1235 1235 1234 1234 1235 1235 1233 1233 1233 1234 1231 1231 1228 1228 1226 1227 1227 1227 1227 1225 1225 1225 1223 1223 1223 1223 1220 1220 1220 1220 1222 1219 1219 1219 1219 1223 1222 1222 1222 1223
1245 1246 1245 1245 1245 1245 1247 1246 1246 1246 1249 1249 1247 1247 1247 1249 1249 1246 1246 1248 1248 1248 1245 1245 1247 1247 1244 1244 1244 1238 1239 1239 1239 1236 1236 1237 1237 1235 1235 1235 1236 1236 1235 1235 1235 1235 1234 1234 1231 1230 1231 1231 1231 1229 1227 1228 1228 1228 1226 1226 1227 1227 1225 1225 1225 1225 1223 1223 1221 1220 1220 1220 1220 1218 1218 1218 1219 1219 1218 1218 1218 1220 1220 1218
1243 1240 1240 1242 1242 1240 1240 1242 1242 1242 1249 1249 1247 1247 1247 1249 1249 1241 1246 1246 1238 1238 1240 1240 1239 1239 1241 1241 1241 1238 1238 1239 1239 1236 1236 1236 1237 1235 1235 1235 1230 1235 1232 1232 1232 1230 1231 1231 1231 1230 1230 1231 1229 1227 1227 1227 1228 1228 1226 1226 1226 1227 1225 1225 1225 1221 1221 1221 1221 1220 1220 1220 1218 1218 1218 1218 1218 1218 1218 1218 1218 1220 1218 1218
1243 1240 1240 1242 1242 1240 1240 1240 1242 1242 1240 1240 1242 1242 1242 1240 1240 1241 1241 1238 1238 1238 1240 1240 1239 1239 1234 1241 1241 1234 1234 1233 1233 1234 1234 1234 1232 1232 1232 1232 1230 1230 1232 1232 1230 1230 1230 1231 1231 1230 1228 1228 1229 1227 1227 1227 1227 1226 1224 1224 1224 1222 1223 1223 1223 1221 1221 1221 1221 1220 1220 1218 1218 1218 1218 1218 1217 1217 1218 1218 1218 1217 1217 1218
1236 1236 1236 1234 1234 1236 1236 1236 1234 1234 1240 1240 1240 1242 1236 1236 1240 1233 1233 1235 1235 1235 1233 1233 1233 1234 1234 1233 1233 1234 1234 1233 1233 1234 1234 1232 1232 1232 1232 1232 1230 1230 1232 1232 1230 1230 1230 1230 1231 1228 1228 1228 1229 1225 1225 1225 1223 1223 1224 1224 1222 1222 1222 1223 1223 1221 1221 1221 1221 1220 1218 1218 1218 1218 1214 1217 1217 1217 1213 1213 1217 1217 1217 1213
1236 1236 1236 1234 1234 1236 1236 1236 1234 1234 1237 1237 1235 1235 1236 1236 1233 1233 1233 1233 1235 1233 1233 1233 1233 1233 1234 1233 1233 1230 1230 1233 1233 1233 1234 1232 1232 1232 1232 1230 1230 1228 1228 1227 1228 1228 1228 1228 1226 1226 1226 1226 1225 1225 1225 1225 1223 1223 1223 1224 1222 1222 1222 1223 1223 1221 1221 1218 1216 1216 1216 1216 1216 1214 1214 1215 1215 1215 1213 1213 1215 1215 1215 1213
1235 1236 1234 1234 1234 1236 1236 1234 1234 1234 1237 1237 1235 1235 1235 1236 1231 1231 1231 1231 1231 1231 1231 1231 1231 1231 1229 1230 1230 1230 1230 1231 1231 1229 1229 1230 1230 1230 1228 1227 1228 1228 1228 1227 1227 1228 1228 1226 1226 1226 1226 1226 1225 1225 1225 1225 1223 1223 1223 1220 1220 1220 1220 1219 1217 1218 1218 1218 1216 1216 1216 1216 1216 1214 1214 1214 1215 1215 1213 1213 1213 1215 1215 1213
1233 1230 1231 1231 1231 1231 1230 1231 1231 1231 1229 1229 1231 1231 1231 1229 1231 1231 1231 1231 1230 1230 1231 1231 1231 1229 1229 1229 1230 1230 1230 1228 1229 1229 1229 1229 1228 1228 1228 1227 1227 1228 1227 1227 1227 1228 1228 1226 1226 1226 1226 1225 1225 1225 1222 1220 1221 1221 1221 1220 1220 1220 1219 1219 1217 1217 1218 1218 1216 1216 1216 1216 1216 1214 1214 1214 1215 1211 1211 1211 1211 1209 1211 1211
1233 1230 1230 1231 1231 1230 1230 1230 1231 1231 1229 1229 1231 1231 1229 1229 1229 1231 1231 1230 1230 1230 1230 1231 1231 1229 1229 1229 1230 1230 1228 1228 1228 1229 1229 1227 1227 1228 1227 1227 1227 1227 1227 1224 1224 1224 1223 1224 1224 1224 1222 1222 1222 1222 1222 1220 1220 1221 1221 1220 1220 1218 1219 1219 1217 1217 1217 1218 1214 1214 1214 1212 1212 1212 1212 1212 1210 1210 1211 1211 1211 1209 1209 1211
1230 1230 1230 1230 1231 1230 1230 1230 1231 1229 1227 1227 1227 1225 1226 1226 1226 1226 1225 1225 1227 1227 1227 1225 1225 1226 1226 1226 1224 1224 1226 1226 1226 1224 1225 1225 1225 1224 1225 1225 1225 1223 1223 1224 1224 1223 1223 1224 1224 1224 1222 1222 1222 1222 1220 1220 1220 1220 1221 1220 1218 1218 1219 1219 1215 1215 1215 1213 1214 1214 1214 1212 1212 1212 1212 1212 1210 1210 1211 1211 1209 1209 1209 1211
1228 1228 1228 1226 1226 1228 1228 1228 1226 1226 1227 1227 1227 1225 1225 1226 1226 1225 1225 1225 1227 1227 1225 1225 1225 1226 1226 1224 1224 1224 1226 1226 1224 1224 1224 1225 1225 1224 1224 1225 1225 1223 1223 1223 1224 1223 1223 1223 1224 1222 1222 1222 1222 1222 1220 1217 1217 1217 1216 1216 1216 1216 1214 1214 1215 1215 1213 1213 1213 1214 1214 1212 1212 1212 1212 1210 1210 1210 1210 1206 1207 1207 1207 1207
1228 1228 1228 1226 1226 1228 1228 1228 1226 1226 1227 1227 1225 1225 1225 1226 1226 1225 1225 1225 1227 1227 1225 1225 1225 1225 1226 1224 1224 1224 1226 1226 1224 1224 1224 1225 1225 1224 1224 1224 1225 1221 1221 1221 1220 1221 1221 1221 1218 1218 1219 1219 1218 1217 1217 1217 1217 1217 1216 1216 1216 1216 1214 1214 1214 1215 1213 1213 1213 1210 1210 1210 1210 1208 1207 1207 1207 1207 1206 1206 1206 1207 1207 1206
1228 1228 1228 1226 1226 1226 1228 1226 1226 1226 1226 1221 1222 1222 1222 1222 1221 1222 1222 1222 1222 1221 1222 1222 1222 1222 1221 1221 1221 1221 1220 1220 1221 1221 1221 1220 1220 1222 1222 1222 1220 1221 1221 1221 1220 1220 1221 1219 1218 1218 1219 1218 1218 1217 1217 1217 1217 1216 1216 1216 1216 1216 1214 1214 1214 1210 1211 1211 1211 1210 1210 1210 1208 1208 1207 1207 1207 1207 1206 1206 1206 1207 1207 1206
1225 1223 1223 1223 1223 1223 1222 1222 1223 1223 1223 1221 1221 1222 1222 1221 1221 1221 1222 1222 1221 1221 1221 1222 1222 1221 1221 1221 1221 1221 1220 1220 1221 1221 1221 1220 1220 1222 1222 1220 1220 1220 1221 1221 1220 1219 1219 1219 1218 1218 1217 1218 1218 1217 1217 1217 1217 1216 1214 1214 1211 1211 1212 1212 1212 1210 1210 1211 1211 1210 1210 1208 1208 1208 1207 1207 1207 1207 1206 1204 1204 1202 1202 1203
1225 1223 1223 1223 1223 1222 1222 1222 1223 1223 1221 1221 1221 1222 1222 1221 1221 1221 1222 1222 1221 1221 1221 1222 1222 1221 1221 1221 1221 1220 1220 1220 1220 1221 1220 1220 1220 1220 1222 1220 1220 1220 1220 1220 1219 1219 1219 1219 1219 1217 1217 1217 1218 1215 1215 1215 1213 1213 1214 1214 1211 1211 1211 1212 1212 1210 1210 1210 1211 1210 1208 1208 1208 1208 1205 1205 1205 1203 1204 1204 1204 1202 1202 1203
1225 1223 1223 1223 1223 1219 1222 1222 1223 1223 1221 1218 1218 1218 1216 1218 1218 1218 1216 1216 1218 1218 1218 1217 1217 1218 1218 1218 1216 1216 1217 1217 1217 1217 1218 1218 1218 1218 1217 1218 1218 1218 1216 1216 1216 1216 1216 1215 1215 1215 1215 1215 1214 1214 1215 1215 1213 1213 1214 1214 1211 1211 1211 1212 1210 1210 1208 1208 1206 1206 1206 1206 1206 1204 1205 1205 1205 1203 1203 1204 1204 1202 1202 1202
1220 1220 1220 1219 1218 1219 1219 1218 1218 1217 1218 1218 1218 1216 1216 1216 1218 1218 1216 1216 1218 1218 1218 1217 1217 1218 1218 1218 1216 1216 1217 1217 1217 1217 1217 1218 1218 1217 1217 1217 1218 1218 1216 1216 1216 1216 1216 1215 1215 1215 1215 1214 1214 1214 1215 1215 1213 1213 1210 1209 1210 1210 1210 1208 1207 1208 1208 1208 1206 1206 1206 1206 1204 1204 1204 1205 1203 1203 1203 1203 1200 1200 1200 1199
1220 1218 1219 1219 1218 1218 1218 1218 1218 1217 1217 1218 1218 1216 1216 1216 1218 1218 1216 1216 1216 1218 1217 1217 1217 1217 1218 1216 1216 1216 1216 1217 1217 1217 1217 1218 1218 1217 1217 1217 1218 1218 1216 1216 1216 1216 1216 1215 1215 1215 1215 1214 1214 1211 1211 1209 1210 1210 1210 1209 1209 1210 1208 1207 1207 1207 1208 1208 1206 1206 1206 1206 1204 1204 1204 1201 1201 1201 1201 1200 1200 1200 1199 1199
