Unity Projects/Assets/StreamingAssets/SceneData/Snow/Terrain File/Terrain.asc
ncols        946
nrows        881
xllcorner    482140.000000000000
yllcorner    6747940.000000000000
cellsize     2.000000000000
NODATA_value -9999
[rows 190 to 227 of 881, columns 0 to 83 of 946]
1424 1423 1425 1425 1428 1427 1427 1427 1430 1430 1429 1436 1436 1436 1439 1439 1437 1437 1441 1441 1449 1440 1448 1443 1451 1459 1451 1459 1467 1470 1470 1477 1477 1476 1476 1477 1477 1476 1476 1477 1477 1475 1471 1468 1468 1471 1471 1471 1474 1474 1474 1474 1469 1471 1471 1471 1471 1470 1469 1468 1468 1467 1465 1463 1463 1461 1461 1461 1462 1458 1458 1458 1457 1457 1457 1457 1455 1455 1457 1457 1457 1457 1457 1457
1422 1423 1423 1421 1424 1424 1427 1427 1430 1429 1429 1429 1432 1432 1431 1431 1433 1433 1433 1441 1440 1440 1443 1443 1451 1442 1451 1459 1455 1462 1470 1462 1469 1472 1472 1471 1471 1473 1473 1470 1470 1471 1471 1468 1468 1471 1471 1470 1470 1471 1471 1469 1469 1471 1471 1471 1470 1470 1469 1469 1467 1467 1465 1465 1465 1459 1459 1459 1457 1458 1458 1458 1457 1457 1457 1457 1455 1455 1450 1450 1453 1453 1453 1451
1419 1419 1421 1421 1421 1424 1424 1422 1422 1422 1425 1425 1432 1432 1431 1431 1431 1433 1433 1433 1433 1436 1436 1436 1436 1438 1451 1446 1455 1455 1455 1457 1465 1465 1465 1471 1467 1473 1473 1466 1470 1463 1464 1464 1464 1462 1462 1470 1470 1471 1471 1469 1469 1471 1471 1471 1470 1470 1469 1468 1468 1467 1465 1465 1463 1459 1459 1459 1457 1457 1458 1457 1457 1453 1451 1451 1452 1452 1450 1450 1453 1453 1453 1451
1417 1417 1421 1421 1421 1424 1424 1422 1422 1422 1425 1425 1424 1424 1428 1428 1428 1426 1426 1433 1433 1436 1436 1436 1436 1438 1436 1436 1436 1444 1444 1453 1455 1455 1465 1456 1463 1465 1466 1466 1463 1463 1463 1464 1456 1462 1462 1465 1465 1463 1463 1466 1466 1471 1471 1471 1471 1470 1468 1468 1468 1468 1463 1463 1461 1461 1461 1457 1457 1455 1453 1453 1453 1453 1451 1451 1452 1452 1450 1450 1450 1453 1446 1446
1413 1414 1418 1418 1418 1417 1417 1419 1419 1419 1425 1425 1424 1424 1428 1428 1428 1426 1426 1429 1429 1429 1428 1436 1434 1434 1436 1436 1436 1436 1440 1448 1448 1455 1447 1456 1454 1457 1457 1456 1454 1459 1457 1456 1456 1459 1456 1465 1455 1455 1459 1466 1466 1466 1466 1469 1469 1469 1467 1467 1467 1464 1463 1463 1461 1461 1461 1455 1455 1455 1453 1453 1453 1453 1449 1449 1449 1445 1446 1446 1446 1444 1444 1446
1410 1412 1412 1418 1417 1417 1417 1419 1419 1419 1418 1418 1421 1421 1421 1428 1426 1426 1426 1429 1429 1428 1428 1428 1431 1431 1430 1430 1431 1431 1440 1430 1439 1439 1447 1450 1450 1450 1448 1448 1450 1450 1457 1456 1456 1454 1456 1449 1455 1455 1459 1459 1458 1466 1466 1469 1469 1467 1467 1467 1467 1464 1464 1464 1459 1459 1459 1457 1455 1455 1453 1453 1453 1450 1449 1449 1448 1445 1445 1446 1444 1444 1444 1438
1407 1412 1409 1409 1417 1417 1417 1419 1419 1418 1418 1418 1421 1421 1421 1420 1420 1422 1422 1422 1422 1428 1428 1428 1431 1431 1430 1430 1431 1431 1430 1430 1439 1434 1442 1442 1450 1448 1448 1448 1450 1450 1449 1449 1450 1450 1449 1449 1452 1452 1459 1458 1458 1458 1463 1469 1469 1467 1467 1467 1467 1464 1463 1463 1459 1459 1459 1457 1457 1457 1452 1452 1452 1450 1450 1448 1448 1445 1445 1445 1441 1441 1441 1438
1404 1404 1409 1409 1413 1413 1413 1412 1412 1412 1415 1415 1421 1421 1420 1420 1420 1422 1422 1422 1422 1424 1424 1424 1424 1424 1430 1430 1430 1431 1430 1430 1434 1434 1435 1435 1441 1441 1444 1444 1442 1442 1449 1449 1444 1442 1442 1445 1452 1452 1451 1451 1455 1463 1463 1463 1465 1465 1465 1465 1463 1463 1463 1461 1461 1461 1459 1457 1456 1456 1452 1452 1452 1450 1448 1448 1448 1444 1444 1441 1441 1441 1441 1438
1401 1401 1406 1406 1413 1413 1413 1412 1412 1412 1415 1415 1414 1414 1417 1417 1417 1415 1415 1422 1422 1422 1424 1424 1424 1424 1427 1427 1425 1425 1427 1427 1427 1426 1435 1435 1437 1435 1444 1444 1442 1442 1444 1444 1444 1438 1438 1445 1445 1444 1444 1447 1455 1455 1463 1463 1463 1465 1465 1463 1463 1463 1463 1461 1461 1461 1456 1456 1456 1456 1454 1454 1454 1448 1448 1448 1445 1444 1444 1441 1441 1441 1441 1436
1398 1402 1402 1406 1406 1405 1405 1408 1408 1408 1415 1415 1414 1414 1414 1417 1417 1415 1415 1418 1418 1418 1418 1424 1424 1424 1427 1427 1425 1425 1425 1427 1427 1426 1426 1428 1428 1435 1435 1434 1434 1437 1437 1436 1436 1438 1438 1437 1437 1444 1444 1447 1447 1455 1455 1463 1463 1465 1465 1463 1463 1463 1463 1458 1458 1458 1457 1457 1456 1456 1454 1454 1448 1447 1447 1447 1445 1445 1444 1441 1441 1440 1437 1436
1398 1399 1399 1399 1405 1405 1405 1405 1408 1408 1408 1408 1410 1410 1410 1417 1415 1415 1415 1418 1418 1418 1418 1421 1421 1421 1421 1420 1422 1422 1425 1421 1426 1426 1426 1428 1428 1428 1428 1434 1431 1437 1436 1436 1432 1432 1437 1437 1437 1440 1440 1439 1447 1447 1455 1459 1459 1459 1458 1460 1460 1460 1458 1458 1458 1458 1457 1457 1457 1451 1451 1451 1448 1448 1447 1447 1445 1445 1445 1440 1440 1440 1437 1437
1396 1397 1399 1399 1399 1405 1405 1403 1408 1408 1408 1408 1410 1410 1410 1410 1410 1413 1413 1413 1418 1418 1418 1418 1421 1421 1420 1420 1422 1422 1422 1421 1422 1422 1422 1421 1428 1428 1428 1431 1431 1429 1429 1432 1432 1431 1431 1434 1434 1440 1440 1439 1439 1443 1451 1451 1450 1450 1458 1460 1460 1460 1458 1458 1458 1458 1457 1457 1450 1450 1451 1451 1448 1448 1448 1443 1443 1443 1441 1441 1440 1437 1437 1437
1394 1397 1399 1399 1399 1400 1403 1403 1403 1403 1405 1405 1405 1410 1410 1410 1410 1413 1413 1412 1412 1415 1415 1415 1421 1420 1420 1420 1422 1422 1421 1421 1421 1422 1422 1421 1421 1424 1424 1431 1423 1429 1429 1432 1432 1431 1431 1434 1434 1434 1433 1436 1436 1443 1443 1442 1442 1446 1453 1453 1452 1452 1454 1454 1452 1452 1454 1454 1450 1450 1443 1443 1445 1445 1442 1442 1443 1443 1441 1441 1441 1435 1435 1435
1394 1395 1393 1397 1399 1400 1403 1403 1403 1403 1405 1405 1405 1404 1407 1407 1407 1413 1413 1412 1412 1415 1415 1415 1414 1414 1417 1417 1415 1415 1418 1421 1421 1422 1421 1421 1421 1424 1424 1423 1423 1426 1426 1424 1424 1427 1427 1434 1434 1433 1433 1436 1436 1434 1434 1434 1437 1446 1453 1446 1452 1445 1454 1454 1452 1452 1446 1454 1446 1446 1443 1443 1445 1445 1442 1442 1437 1443 1441 1441 1435 1435 1435 1435
1392 1393 1393 1395 1397 1398 1398 1403 1403 1403 1405 1405 1404 1404 1407 1407 1407 1407 1407 1412 1412 1415 1415 1414 1414 1414 1417 1417 1415 1415 1418 1418 1418 1417 1417 1417 1417 1416 1416 1423 1423 1426 1426 1424 1424 1427 1427 1426 1426 1433 1430 1430 1436 1434 1434 1434 1437 1436 1436 1446 1443 1445 1445 1445 1445 1443 1446 1435 1436 1436 1439 1436 1436 1436 1436 1439 1437 1437 1438 1438 1435 1435 1435 1435
1389 1391 1391 1395 1398 1398 1398 1400 1400 1400 1400 1404 1404 1404 1404 1407 1407 1407 1407 1409 1409 1409 1409 1410 1410 1410 1417 1417 1415 1415 1418 1418 1417 1417 1417 1417 1417 1416 1416 1420 1420 1418 1418 1420 1420 1420 1420 1426 1426 1426 1430 1430 1428 1428 1431 1431 1430 1430 1436 1436 1439 1439 1436 1436 1429 1438 1431 1435 1428 1436 1434 1430 1436 1427 1436 1434 1437 1428 1438 1438 1430 1435 1427 1427
1386 1391 1391 1389 1389 1398 1398 1398 1400 1400 1400 1400 1401 1401 1401 1400 1407 1407 1407 1409 1409 1409 1409 1410 1410 1410 1409 1409 1412 1412 1412 1412 1417 1417 1417 1417 1416 1416 1416 1420 1420 1418 1418 1418 1420 1420 1420 1420 1423 1423 1421 1421 1428 1428 1431 1431 1430 1430 1433 1433 1431 1431 1432 1432 1429 1429 1431 1431 1423 1428 1430 1430 1423 1427 1430 1430 1430 1428 1428 1430 1430 1430 1427 1427
1384 1384 1389 1389 1394 1394 1394 1398 1400 1400 1400 1400 1401 1401 1400 1400 1400 1402 1402 1402 1402 1409 1409 1409 1410 1409 1409 1409 1412 1412 1412 1412 1414 1414 1414 1412 1412 1413 1413 1413 1413 1414 1414 1414 1413 1413 1416 1416 1423 1416 1421 1421 1424 1424 1424 1423 1427 1427 1425 1425 1427 1425 1425 1426 1426 1426 1424 1423 1423 1423 1421 1421 1423 1423 1421 1421 1421 1424 1424 1422 1422 1424 1424 1424
1384 1384 1386 1386 1394 1394 1394 1394 1394 1397 1397 1400 1401 1401 1400 1400 1400 1402 1402 1402 1402 1405 1405 1405 1404 1407 1407 1407 1412 1412 1412 1412 1414 1414 1414 1412 1412 1413 1413 1413 1413 1413 1414 1414 1413 1413 1416 1416 1416 1416 1417 1415 1415 1424 1423 1423 1427 1427 1427 1425 1423 1423 1425 1426 1426 1424 1424 1424 1423 1417 1417 1421 1423 1423 1421 1421 1421 1424 1424 1422 1422 1422 1424 1424
1382 1383 1386 1386 1386 1394 1394 1394 1394 1397 1397 1397 1396 1396 1397 1397 1397 1397 1399 1399 1402 1405 1405 1404 1404 1404 1407 1407 1406 1406 1408 1408 1408 1414 1412 1412 1412 1408 1408 1413 1413 1413 1414 1413 1409 1409 1409 1416 1416 1416 1413 1415 1415 1415 1415 1423 1419 1427 1417 1419 1419 1419 1417 1417 1417 1424 1424 1424 1417 1417 1417 1417 1416 1416 1418 1418 1418 1416 1416 1418 1418 1418 1416 1418
1380 1383 1383 1386 1387 1387 1394 1394 1394 1397 1397 1396 1396 1396 1397 1397 1397 1397 1397 1399 1399 1399 1399 1404 1404 1404 1407 1407 1406 1406 1408 1408 1408 1408 1410 1410 1410 1408 1408 1409 1409 1409 1408 1408 1409 1409 1408 1408 1408 1409 1409 1408 1408 1415 1411 1419 1419 1417 1417 1417 1419 1419 1417 1417 1417 1420 1420 1417 1417 1417 1417 1417 1416 1416 1418 1418 1418 1416 1416 1418 1418 1416 1416 1416
1380 1381 1381 1381 1387 1387 1387 1390 1390 1390 1390 1396 1396 1396 1397 1397 1397 1397 1397 1399 1399 1399 1399 1401 1401 1401 1401 1403 1406 1406 1408 1408 1408 1408 1408 1410 1410 1408 1408 1409 1409 1408 1408 1408 1409 1409 1408 1408 1408 1409 1409 1408 1408 1411 1411 1409 1409 1409 1412 1412 1410 1410 1412 1412 1412 1420 1420 1412 1412 1412 1410 1410 1416 1416 1416 1418 1416 1416 1416 1418 1410 1416 1416 1412
1378 1378 1380 1380 1383 1383 1383 1390 1390 1390 1390 1393 1393 1393 1391 1391 1394 1394 1394 1393 1399 1399 1399 1401 1401 1401 1401 1401 1403 1403 1402 1402 1405 1405 1408 1403 1405 1405 1405 1405 1403 1405 1405 1405 1403 1403 1405 1405 1405 1404 1404 1405 1405 1405 1404 1406 1406 1406 1412 1412 1410 1410 1412 1412 1412 1410 1410 1412 1412 1412 1410 1410 1412 1412 1412 1410 1410 1412 1412 1410 1410 1410 1412 1412
1376 1376 1380 1380 1383 1383 1383 1383 1383 1390 1390 1393 1393 1391 1391 1391 1394 1394 1394 1393 1393 1395 1395 1395 1394 1401 1401 1401 1403 1403 1402 1402 1405 1405 1405 1403 1403 1405 1405 1403 1403 1405 1405 1405 1403 1403 1405 1405 1405 1404 1404 1405 1405 1404 1404 1404 1406 1406 1404 1406 1406 1406 1404 1404 1406 1406 1406 1404 1403 1403 1406 1406 1412 1412 1404 1410 1410 1412 1412 1410 1410 1410 1412 1412
1376 1376 1377 1377 1377 1383 1383 1383 1383 1387 1387 1387 1386 1388 1388 1388 1394 1394 1393 1393 1393 1395 1395 1394 1394 1398 1398 1398 1403 1397 1397 1397 1405 1405 1403 1403 1403 1405 1405 1403 1403 1403 1405 1405 1403 1403 1403 1405 1404 1404 1404 1404 1405 1404 1404 1404 1406 1404 1404 1404 1406 1404 1404 1404 1404 1406 1406 1404 1403 1403 1406 1406 1404 1404 1404 1407 1407 1405 1405 1407 1407 1407 1405 1405
1374 1375 1377 1377 1377 1377 1380 1380 1380 1387 1387 1386 1386 1386 1388 1388 1387 1387 1389 1389 1389 1388 1388 1394 1394 1398 1398 1398 1398 1398 1397 1397 1397 1397 1400 1400 1400 1399 1400 1400 1400 1400 1399 1401 1401 1401 1401 1399 1401 1401 1401 1400 1400 1400 1402 1402 1400 1401 1401 1401 1399 1401 1401 1401 1401 1400 1401 1401 1402 1402 1402 1404 1404 1404 1401 1401 1407 1405 1405 1405 1407 1407 1405 1405
1373 1375 1375 1375 1377 1377 1377 1380 1380 1379 1379 1386 1386 1386 1388 1388 1387 1387 1389 1389 1389 1388 1388 1391 1391 1391 1390 1398 1398 1398 1391 1397 1397 1397 1400 1400 1400 1399 1399 1400 1400 1399 1399 1399 1401 1401 1399 1399 1400 1400 1401 1400 1400 1400 1400 1400 1400 1401 1401 1399 1399 1401 1401 1401 1401 1400 1400 1401 1402 1402 1400 1400 1402 1402 1401 1400 1400 1402 1402 1402 1400 1402 1402 1402
1373 1373 1373 1373 1375 1377 1377 1380 1379 1379 1379 1382 1382 1382 1382 1382 1385 1385 1385 1389 1388 1388 1388 1391 1391 1390 1390 1393 1393 1393 1391 1391 1394 1394 1394 1400 1399 1399 1399 1400 1400 1399 1399 1399 1401 1401 1399 1399 1400 1400 1398 1400 1400 1400 1399 1399 1399 1400 1401 1399 1399 1399 1401 1401 1400 1400 1400 1401 1402 1400 1400 1400 1402 1402 1401 1400 1400 1402 1402 1400 1400 1400 1402 1402
1371 1372 1372 1373 1375 1375 1375 1374 1379 1379 1379 1382 1382 1382 1382 1382 1385 1385 1384 1384 1386 1386 1386 1385 1385 1386 1390 1393 1393 1393 1391 1391 1394 1394 1393 1393 1396 1396 1396 1394 1394 1395 1395 1395 1394 1396 1396 1396 1400 1400 1398 1396 1394 1394 1396 1396 1396 1395 1395 1397 1397 1397 1395 1395 1397 1397 1397 1395 1395 1397 1397 1397 1397 1397 1398 1398 1398 1400 1402 1396 1396 1396 1402 1402
1369 1370 1370 1373 1375 1375 1374 1374 1377 1377 1377 1377 1382 1382 1382 1382 1385 1385 1384 1384 1386 1386 1386 1385 1385 1386 1386 1386 1385 1387 1387 1387 1394 1394 1393 1393 1393 1396 1396 1394 1394 1395 1395 1394 1394 1394 1396 1396 1394 1394 1396 1396 1394 1394 1396 1396 1396 1395 1395 1397 1397 1397 1395 1395 1395 1397 1397 1395 1395 1397 1397 1397 1397 1397 1398 1398 1398 1396 1396 1396 1396 1396 1395 1395
1369 1370 1370 1369 1375 1374 1374 1374 1377 1377 1377 1376 1376 1378 1380 1380 1380 1381 1381 1381 1384 1386 1385 1385 1385 1386 1386 1385 1385 1385 1387 1387 1386 1386 1389 1389 1389 1396 1396 1394 1391 1391 1390 1391 1394 1394 1396 1394 1394 1394 1396 1396 1394 1394 1394 1396 1396 1395 1395 1395 1397 1395 1395 1395 1395 1397 1395 1395 1395 1395 1397 1397 1397 1397 1397 1398 1398 1396 1396 1396 1396 1395 1395 1395
1368 1369 1369 1368 1371 1371 1371 1374 1377 1377 1376 1376 1376 1378 1378 1380 1380 1380 1381 1381 1380 1380 1382 1382 1382 1381 1383 1383 1385 1385 1387 1386 1386 1386 1389 1389 1388 1388 1389 1389 1391 1390 1390 1391 1391 1391 1389 1391 1391 1391 1390 1390 1391 1391 1391 1390 1390 1392 1392 1392 1390 1390 1392 1392 1392 1391 1391 1393 1393 1393 1392 1393 1393 1393 1393 1392 1394 1394 1394 1396 1392 1392 1392 1392
1366 1366 1368 1368 1368 1371 1371 1371 1371 1374 1374 1376 1376 1378 1378 1378 1380 1380 1381 1381 1380 1380 1382 1382 1382 1381 1381 1383 1383 1383 1382 1384 1384 1384 1389 1389 1388 1388 1389 1389 1388 1388 1390 1391 1391 1389 1389 1389 1391 1391 1390 1390 1391 1391 1390 1390 1390 1392 1392 1390 1390 1390 1392 1392 1391 1391 1391 1393 1393 1392 1392 1392 1393 1393 1392 1392 1392 1394 1394 1392 1392 1392 1392 1392
1364 1364 1368 1368 1368 1371 1371 1371 1371 1371 1374 1374 1374 1373 1378 1378 1375 1380 1381 1380 1380 1380 1382 1382 1381 1381 1381 1383 1383 1382 1382 1382 1384 1384 1383 1383 1384 1384 1384 1389 1388 1385 1385 1385 1387 1389 1389 1389 1391 1390 1390 1390 1390 1391 1390 1390 1390 1392 1392 1390 1390 1390 1390 1392 1391 1391 1391 1393 1393 1392 1392 1392 1393 1393 1392 1392 1392 1394 1394 1392 1392 1392 1392 1392
1364 1364 1366 1366 1366 1366 1371 1371 1371 1371 1374 1374 1373 1373 1375 1375 1375 1375 1375 1377 1377 1377 1376 1376 1378 1378 1381 1383 1383 1382 1382 1382 1384 1383 1383 1383 1384 1384 1384 1384 1385 1385 1385 1385 1385 1387 1387 1387 1385 1387 1387 1387 1386 1386 1387 1387 1387 1386 1386 1388 1388 1388 1386 1386 1388 1388 1388 1387 1387 1388 1388 1388 1387 1387 1389 1389 1389 1388 1388 1389 1389 1389 1387 1387
1363 1364 1364 1366 1366 1366 1366 1369 1369 1369 1368 1373 1373 1373 1375 1375 1375 1375 1375 1377 1377 1377 1376 1376 1378 1378 1378 1377 1378 1380 1380 1380 1379 1380 1380 1380 1384 1384 1384 1384 1385 1385 1385 1385 1385 1387 1387 1385 1385 1385 1387 1387 1386 1386 1386 1387 1387 1386 1386 1386 1388 1388 1386 1386 1388 1388 1388 1387 1387 1388 1388 1388 1387 1387 1389 1389 1389 1388 1388 1389 1389 1389 1387 1387
1361 1364 1364 1362 1366 1366 1366 1369 1369 1368 1368 1370 1370 1370 1370 1370 1375 1375 1375 1375 1377 1376 1376 1376 1378 1378 1377 1377 1378 1378 1378 1379 1379 1380 1380 1380 1379 1381 1381 1381 1381 1380 1382 1382 1382 1387 1387 1385 1385 1385 1387 1387 1386 1386 1386 1387 1387 1386 1386 1386 1388 1386 1386 1386 1386 1388 1387 1387 1387 1387 1388 1387 1387 1387 1387 1389 1388 1388 1388 1389 1389 1387 1387 1387
1361 1362 1362 1362 1364 1364 1364 1369 1369 1368 1368 1370 1370 1370 1370 1370 1372 1372 1372 1372 1372 1374 1374 1374 1373 1377 1377 1377 1377 1378 1377 1377 1379 1380 1380 1379 1379 1379 1381 1381 1380 1380 1382 1382 1382 1381 1381 1382 1382 1382 1381 1381 1383 1383 1383 1382 1382 1384 1384 1384 1383 1383 1384 1384 1384 1383 1383 1384 1384 1384 1383 1384 1384 1384 1384 1383 1385 1385 1385 1383 1383 1384 1384 1384
