Unity Projects/Assets/StreamingAssets/SceneData/Snow/Terrain File/Terrain.asc
ncols        946
nrows        881
xllcorner    482140.000000000000
yllcorner    6747940.000000000000
cellsize     2.000000000000
NODATA_value -9999
[rows 190 to 227 of 881, columns 252 to 335 of 946]
1528 1535 1535 1538 1538 1538 1545 1545 1549 1549 1549 1547 1549 1549 1549 1548 1548 1555 1559 1559 1559 1558 1561 1561 1561 1559 1559 1560 1560 1557 1557 1549 1549 1551 1551 1548 1548 1556 1550 1550 1548 1557 1555 1555 1556 1549 1555 1551 1559 1559 1558 1558 1565 1565 1565 1558 1558 1558 1554 1554 1548 1548 1548 1548 1547 1547 1547 1547 1542 1542 1537 1537 1535 1530 1530 1526 1526 1527 1527 1526 1526 1529 1529 1537
1528 1531 1531 1531 1538 1538 1538 1542 1542 1549 1547 1547 1543 1549 1549 1548 1548 1552 1552 1559 1558 1558 1558 1561 1561 1559 1559 1560 1560 1553 1553 1544 1549 1541 1541 1544 1544 1544 1550 1550 1548 1548 1551 1551 1549 1549 1551 1551 1550 1550 1558 1558 1561 1561 1558 1558 1558 1551 1551 1551 1548 1548 1548 1542 1547 1547 1546 1542 1542 1542 1537 1537 1530 1530 1530 1526 1526 1527 1527 1526 1526 1529 1529 1528
1528 1531 1531 1532 1532 1538 1538 1542 1542 1541 1541 1543 1543 1541 1541 1544 1544 1552 1552 1551 1551 1554 1554 1561 1561 1559 1559 1552 1552 1544 1553 1544 1544 1541 1541 1544 1544 1542 1542 1542 1545 1545 1551 1551 1546 1546 1544 1544 1550 1550 1553 1553 1561 1561 1554 1554 1551 1551 1551 1551 1545 1545 1542 1542 1546 1546 1546 1544 1544 1542 1537 1536 1532 1530 1530 1526 1526 1520 1520 1523 1523 1523 1522 1522
1525 1525 1532 1532 1532 1535 1535 1534 1534 1541 1541 1534 1534 1541 1537 1537 1544 1544 1544 1551 1551 1554 1554 1553 1553 1555 1555 1552 1552 1544 1544 1536 1538 1538 1538 1538 1544 1542 1542 1542 1545 1545 1545 1545 1546 1546 1544 1544 1547 1547 1547 1553 1552 1552 1554 1554 1551 1551 1551 1545 1545 1545 1542 1542 1542 1546 1546 1544 1544 1544 1536 1536 1532 1532 1532 1524 1524 1520 1520 1523 1523 1523 1522 1522
1525 1525 1525 1529 1529 1535 1535 1534 1534 1537 1537 1534 1534 1534 1537 1537 1537 1544 1544 1547 1547 1547 1553 1553 1553 1555 1555 1548 1548 1540 1540 1536 1536 1538 1538 1537 1537 1539 1539 1539 1545 1545 1545 1545 1546 1546 1544 1544 1547 1547 1545 1545 1548 1548 1545 1545 1548 1548 1545 1545 1545 1545 1539 1539 1539 1546 1544 1544 1544 1538 1536 1536 1532 1532 1532 1524 1524 1520 1520 1520 1523 1522 1522 1522
1525 1525 1525 1529 1529 1528 1528 1531 1531 1537 1528 1530 1530 1530 1530 1537 1537 1541 1541 1547 1547 1547 1547 1549 1549 1547 1547 1539 1548 1540 1532 1532 1532 1538 1537 1537 1537 1539 1539 1538 1538 1540 1542 1542 1541 1541 1541 1541 1541 1545 1545 1545 1548 1548 1545 1545 1548 1548 1545 1545 1538 1538 1539 1539 1539 1541 1542 1542 1542 1538 1538 1538 1530 1530 1526 1526 1526 1518 1518 1518 1516 1516 1519 1519
1520 1523 1523 1529 1529 1528 1528 1531 1531 1528 1528 1528 1530 1530 1530 1530 1537 1541 1541 1540 1540 1547 1547 1549 1542 1542 1542 1539 1539 1531 1532 1532 1532 1531 1531 1534 1534 1532 1532 1538 1538 1540 1540 1542 1541 1541 1541 1541 1540 1540 1542 1542 1541 1541 1542 1542 1542 1541 1541 1541 1538 1538 1538 1539 1541 1541 1541 1542 1542 1538 1538 1531 1530 1530 1526 1526 1526 1518 1518 1518 1516 1516 1519 1519
1520 1523 1523 1523 1528 1528 1528 1531 1531 1525 1525 1525 1523 1530 1530 1534 1534 1534 1541 1540 1540 1544 1544 1542 1542 1542 1535 1535 1531 1531 1531 1532 1531 1531 1531 1534 1534 1532 1532 1535 1535 1540 1540 1539 1539 1541 1541 1540 1540 1540 1542 1542 1541 1541 1542 1542 1541 1541 1541 1541 1535 1535 1535 1533 1541 1541 1541 1541 1535 1535 1535 1531 1531 1530 1523 1523 1519 1519 1519 1516 1516 1514 1514 1519
1520 1523 1523 1523 1523 1525 1525 1523 1523 1525 1525 1525 1523 1523 1526 1526 1534 1534 1534 1537 1537 1544 1544 1538 1535 1535 1524 1535 1527 1527 1525 1525 1527 1527 1527 1534 1534 1532 1532 1535 1535 1535 1535 1536 1536 1535 1535 1538 1538 1538 1536 1537 1537 1537 1537 1536 1541 1541 1541 1535 1535 1535 1535 1533 1533 1538 1538 1537 1535 1535 1535 1531 1531 1531 1523 1523 1519 1519 1519 1513 1514 1514 1513 1513
1517 1518 1523 1523 1523 1525 1525 1523 1523 1523 1525 1523 1523 1523 1526 1526 1526 1534 1534 1537 1537 1537 1537 1533 1538 1525 1524 1524 1527 1527 1525 1525 1525 1527 1527 1526 1526 1529 1529 1535 1535 1535 1535 1536 1536 1535 1535 1538 1538 1538 1536 1536 1537 1537 1536 1536 1538 1538 1535 1535 1535 1535 1533 1533 1533 1538 1538 1537 1537 1537 1535 1528 1528 1525 1525 1525 1517 1517 1517 1513 1513 1514 1513 1513
1518 1518 1520 1520 1520 1518 1518 1520 1520 1520 1518 1520 1520 1520 1519 1526 1526 1526 1529 1529 1527 1527 1537 1529 1522 1522 1522 1522 1522 1520 1522 1522 1522 1527 1526 1526 1526 1529 1529 1530 1530 1532 1532 1531 1531 1532 1532 1532 1538 1536 1536 1536 1537 1537 1536 1536 1536 1538 1531 1535 1528 1528 1530 1530 1530 1538 1538 1537 1537 1537 1528 1528 1528 1525 1525 1525 1517 1517 1517 1513 1513 1510 1510 1510
1518 1518 1518 1520 1520 1518 1518 1520 1520 1518 1518 1518 1520 1520 1519 1519 1522 1522 1529 1520 1527 1527 1520 1520 1520 1522 1522 1522 1520 1520 1522 1522 1522 1520 1520 1524 1524 1529 1530 1530 1530 1532 1532 1531 1531 1532 1532 1530 1530 1530 1533 1533 1531 1531 1532 1532 1530 1530 1531 1531 1528 1528 1530 1530 1530 1530 1533 1536 1536 1536 1530 1530 1528 1525 1522 1522 1519 1519 1513 1512 1512 1510 1510 1510
1515 1515 1515 1513 1513 1515 1515 1515 1513 1515 1515 1515 1513 1519 1519 1519 1522 1522 1520 1520 1523 1523 1520 1520 1520 1522 1522 1520 1520 1520 1520 1522 1520 1520 1520 1524 1524 1524 1530 1530 1526 1532 1525 1531 1531 1524 1532 1530 1530 1530 1533 1533 1531 1531 1532 1532 1530 1530 1531 1531 1524 1524 1524 1530 1530 1530 1533 1533 1536 1533 1530 1530 1530 1522 1522 1522 1519 1519 1519 1512 1512 1510 1510 1508
1515 1515 1515 1513 1513 1515 1515 1513 1513 1515 1515 1515 1513 1513 1516 1516 1514 1514 1517 1517 1517 1523 1516 1516 1516 1516 1516 1517 1517 1517 1517 1515 1517 1517 1517 1524 1524 1523 1523 1526 1526 1525 1525 1522 1524 1524 1525 1525 1527 1525 1525 1525 1527 1527 1526 1526 1526 1526 1523 1523 1524 1524 1524 1524 1530 1530 1533 1533 1532 1533 1533 1530 1527 1524 1522 1522 1516 1516 1513 1513 1512 1512 1508 1508
1515 1515 1513 1513 1513 1515 1515 1513 1513 1513 1515 1513 1513 1513 1516 1516 1514 1514 1517 1517 1517 1515 1515 1516 1516 1516 1516 1516 1517 1517 1515 1515 1515 1517 1517 1516 1516 1523 1523 1519 1516 1516 1518 1518 1518 1524 1525 1525 1523 1525 1525 1525 1523 1523 1526 1526 1526 1523 1523 1523 1524 1524 1524 1524 1527 1527 1533 1532 1532 1532 1527 1527 1527 1524 1524 1516 1516 1516 1513 1513 1513 1507 1506 1506
1508 1508 1510 1510 1510 1508 1508 1509 1509 1509 1508 1508 1509 1509 1508 1508 1510 1510 1510 1517 1515 1515 1515 1515 1516 1516 1516 1516 1517 1517 1515 1515 1515 1517 1517 1516 1516 1519 1519 1519 1516 1516 1516 1518 1518 1517 1517 1519 1519 1519 1517 1517 1520 1520 1520 1518 1518 1520 1520 1520 1519 1521 1524 1524 1527 1527 1527 1528 1528 1528 1527 1527 1527 1524 1522 1518 1516 1516 1513 1513 1510 1507 1506 1506
1508 1508 1508 1510 1510 1508 1508 1508 1509 1508 1508 1508 1509 1509 1508 1508 1508 1510 1510 1509 1509 1513 1513 1511 1511 1513 1513 1513 1511 1511 1512 1512 1512 1510 1510 1516 1516 1516 1519 1510 1511 1511 1511 1510 1510 1517 1517 1519 1519 1519 1517 1517 1520 1520 1518 1518 1518 1520 1520 1519 1519 1521 1521 1521 1527 1527 1527 1527 1528 1527 1527 1527 1522 1522 1522 1518 1518 1518 1510 1510 1510 1507 1507 1506
1501 1504 1504 1502 1502 1504 1504 1504 1504 1506 1506 1506 1503 1503 1504 1504 1504 1502 1502 1509 1509 1513 1513 1511 1511 1513 1513 1513 1511 1511 1512 1512 1512 1510 1510 1512 1512 1512 1510 1510 1511 1511 1510 1510 1510 1513 1513 1511 1511 1511 1514 1514 1512 1512 1515 1518 1518 1513 1519 1519 1519 1521 1521 1521 1521 1524 1524 1524 1522 1524 1524 1524 1522 1522 1522 1518 1518 1518 1510 1510 1510 1507 1507 1500
1501 1504 1504 1502 1502 1504 1504 1504 1504 1504 1506 1506 1503 1503 1504 1504 1504 1502 1502 1506 1506 1505 1505 1511 1511 1511 1513 1511 1511 1511 1511 1512 1510 1510 1510 1512 1512 1502 1510 1505 1505 1505 1510 1510 1510 1513 1513 1511 1511 1511 1514 1514 1512 1512 1515 1515 1515 1513 1513 1515 1515 1515 1514 1521 1521 1524 1524 1522 1522 1524 1524 1522 1522 1522 1522 1516 1516 1512 1512 1512 1504 1504 1504 1500
1497 1495 1495 1502 1498 1498 1504 1504 1504 1504 1506 1506 1503 1503 1503 1504 1499 1499 1499 1506 1506 1505 1505 1508 1508 1508 1507 1508 1508 1508 1507 1507 1507 1507 1503 1503 1502 1502 1505 1505 1505 1505 1505 1507 1507 1505 1505 1507 1507 1507 1506 1506 1512 1512 1515 1515 1513 1513 1513 1515 1515 1514 1514 1518 1518 1518 1524 1522 1522 1522 1524 1522 1522 1520 1517 1516 1516 1512 1512 1512 1505 1504 1504 1500
1497 1495 1495 1498 1498 1498 1498 1501 1501 1501 1499 1499 1501 1501 1501 1498 1498 1499 1499 1497 1497 1505 1501 1501 1499 1499 1507 1507 1508 1508 1507 1507 1507 1507 1503 1497 1497 1499 1499 1505 1505 1505 1505 1507 1507 1505 1505 1507 1507 1507 1506 1506 1509 1509 1509 1508 1510 1510 1510 1515 1514 1514 1514 1518 1518 1517 1517 1520 1520 1520 1519 1520 1520 1520 1517 1517 1517 1509 1509 1505 1505 1505 1504 1498
1491 1492 1492 1492 1498 1498 1498 1498 1501 1501 1499 1499 1501 1501 1501 1498 1498 1498 1499 1497 1497 1494 1501 1501 1499 1499 1502 1502 1501 1501 1507 1507 1507 1501 1501 1497 1497 1499 1499 1499 1499 1502 1502 1507 1502 1502 1502 1502 1501 1506 1506 1506 1509 1509 1508 1508 1510 1510 1510 1510 1510 1512 1512 1512 1518 1517 1517 1520 1520 1519 1519 1519 1520 1520 1517 1517 1517 1509 1509 1505 1505 1505 1498 1498
1491 1492 1492 1492 1492 1498 1498 1498 1501 1493 1499 1499 1499 1493 1493 1495 1495 1493 1493 1494 1494 1494 1493 1493 1495 1495 1495 1502 1501 1501 1504 1504 1501 1501 1501 1493 1493 1492 1499 1499 1499 1502 1502 1501 1501 1502 1502 1502 1501 1501 1503 1503 1503 1503 1508 1508 1508 1510 1510 1510 1510 1512 1512 1511 1511 1514 1514 1514 1520 1519 1519 1519 1520 1520 1515 1515 1515 1512 1512 1503 1503 1503 1500 1500
1491 1491 1492 1492 1492 1495 1495 1495 1493 1493 1495 1495 1493 1493 1493 1495 1495 1493 1493 1493 1494 1494 1493 1493 1493 1495 1497 1497 1499 1499 1504 1498 1501 1501 1493 1493 1493 1492 1492 1495 1495 1502 1501 1501 1501 1502 1502 1501 1501 1501 1503 1503 1503 1503 1505 1505 1505 1505 1510 1510 1510 1512 1511 1511 1511 1514 1514 1514 1514 1517 1517 1517 1515 1515 1515 1515 1515 1512 1512 1503 1503 1503 1500 1500
1488 1486 1486 1488 1488 1488 1495 1495 1488 1488 1495 1487 1493 1489 1489 1495 1495 1493 1493 1493 1494 1488 1490 1490 1490 1488 1497 1497 1499 1498 1498 1498 1498 1494 1494 1487 1492 1492 1492 1495 1495 1495 1495 1497 1497 1495 1495 1497 1497 1497 1503 1503 1503 1503 1505 1505 1505 1505 1508 1508 1508 1507 1509 1509 1511 1514 1514 1514 1514 1517 1517 1517 1515 1515 1515 1515 1512 1512 1509 1505 1503 1503 1500 1498
1488 1486 1486 1488 1488 1488 1487 1487 1488 1488 1487 1487 1487 1489 1489 1488 1488 1490 1490 1490 1488 1488 1490 1490 1490 1488 1488 1496 1496 1498 1498 1498 1491 1494 1487 1487 1489 1489 1489 1495 1495 1495 1495 1497 1497 1495 1495 1495 1497 1497 1497 1497 1500 1500 1505 1505 1505 1505 1508 1508 1507 1507 1509 1509 1509 1508 1508 1514 1514 1514 1517 1517 1515 1515 1515 1515 1509 1509 1509 1505 1505 1505 1498 1498
1480 1482 1482 1482 1480 1487 1487 1487 1481 1481 1487 1483 1483 1489 1489 1488 1488 1488 1490 1490 1488 1488 1488 1490 1490 1488 1488 1492 1492 1496 1490 1490 1491 1491 1487 1487 1487 1489 1489 1489 1489 1492 1492 1492 1490 1492 1492 1492 1497 1497 1497 1497 1500 1500 1500 1500 1503 1503 1503 1508 1507 1507 1507 1509 1509 1508 1508 1511 1511 1511 1510 1513 1513 1513 1513 1509 1509 1509 1509 1505 1502 1499 1499 1498
1480 1482 1482 1480 1480 1480 1483 1483 1481 1481 1483 1483 1483 1482 1482 1485 1485 1485 1483 1483 1485 1485 1485 1484 1485 1485 1485 1492 1492 1492 1490 1490 1491 1491 1484 1484 1484 1489 1489 1489 1489 1492 1492 1490 1490 1492 1492 1492 1492 1497 1497 1497 1500 1500 1500 1500 1503 1503 1502 1502 1504 1504 1504 1503 1508 1508 1508 1511 1511 1510 1510 1511 1513 1513 1511 1509 1509 1509 1502 1502 1502 1499 1499 1499
1476 1476 1475 1477 1477 1477 1483 1483 1481 1481 1481 1483 1482 1482 1482 1485 1485 1483 1483 1483 1485 1485 1484 1484 1484 1485 1485 1483 1483 1486 1486 1486 1483 1483 1484 1484 1483 1483 1486 1486 1486 1492 1490 1490 1490 1492 1492 1492 1492 1495 1495 1495 1495 1500 1500 1500 1503 1503 1502 1502 1504 1504 1503 1503 1505 1505 1505 1503 1510 1510 1510 1511 1511 1510 1511 1511 1509 1506 1503 1502 1502 1499 1499 1497
1476 1475 1475 1477 1477 1477 1476 1476 1477 1477 1477 1476 1476 1478 1478 1478 1477 1483 1483 1483 1485 1485 1484 1484 1484 1485 1485 1483 1483 1483 1486 1486 1483 1483 1484 1484 1483 1483 1486 1486 1486 1485 1485 1487 1487 1487 1492 1492 1492 1495 1495 1495 1495 1498 1498 1498 1497 1502 1502 1502 1504 1504 1503 1503 1503 1505 1503 1503 1503 1507 1507 1511 1510 1510 1510 1506 1506 1506 1503 1503 1503 1497 1497 1497
1476 1475 1475 1475 1477 1476 1476 1476 1477 1477 1476 1476 1476 1478 1478 1477 1477 1477 1479 1479 1479 1481 1481 1481 1481 1478 1478 1480 1480 1480 1478 1480 1480 1480 1478 1478 1480 1480 1480 1486 1485 1485 1485 1487 1487 1487 1487 1490 1490 1490 1495 1495 1495 1495 1498 1498 1497 1497 1500 1500 1498 1498 1499 1499 1499 1497 1497 1499 1499 1507 1506 1506 1507 1507 1506 1506 1506 1506 1503 1503 1502 1499 1497 1497
1470 1472 1472 1472 1472 1473 1473 1473 1471 1471 1472 1472 1472 1470 1470 1477 1477 1473 1479 1479 1480 1480 1481 1481 1478 1478 1478 1480 1480 1478 1478 1478 1480 1480 1478 1478 1480 1480 1480 1479 1479 1481 1481 1481 1487 1487 1487 1490 1490 1491 1491 1493 1493 1493 1498 1497 1497 1497 1500 1500 1498 1498 1499 1499 1497 1497 1497 1499 1499 1499 1506 1506 1507 1507 1506 1506 1506 1502 1502 1502 1502 1499 1499 1491
1470 1472 1472 1472 1472 1472 1473 1473 1471 1471 1472 1472 1472 1470 1470 1473 1473 1473 1473 1480 1480 1480 1481 1481 1478 1478 1478 1480 1480 1478 1478 1478 1480 1480 1478 1478 1480 1480 1479 1479 1479 1481 1481 1481 1481 1484 1484 1490 1491 1491 1491 1493 1493 1493 1492 1494 1494 1494 1493 1493 1495 1495 1492 1492 1493 1493 1493 1492 1499 1499 1502 1502 1500 1500 1503 1503 1503 1502 1502 1502 1499 1499 1499 1493
1466 1466 1466 1468 1472 1472 1473 1473 1471 1471 1471 1472 1463 1466 1466 1466 1473 1473 1473 1473 1477 1480 1475 1475 1475 1475 1475 1474 1474 1475 1475 1475 1474 1475 1475 1475 1475 1474 1476 1476 1476 1481 1481 1481 1481 1484 1484 1484 1491 1491 1491 1493 1493 1492 1492 1492 1494 1494 1493 1493 1495 1495 1492 1492 1492 1493 1492 1492 1492 1495 1495 1502 1500 1500 1500 1503 1502 1502 1502 1495 1496 1496 1496 1493
1466 1466 1466 1468 1468 1466 1466 1466 1468 1468 1465 1463 1463 1466 1466 1466 1465 1473 1473 1473 1477 1477 1475 1475 1475 1475 1475 1474 1474 1475 1475 1474 1474 1474 1475 1475 1474 1474 1476 1476 1476 1475 1475 1481 1481 1484 1484 1485 1485 1488 1488 1487 1487 1489 1492 1492 1494 1493 1493 1493 1495 1495 1488 1488 1488 1487 1488 1488 1488 1495 1495 1495 1496 1496 1496 1496 1496 1498 1498 1495 1495 1496 1496 1493
1457 1457 1466 1464 1464 1466 1466 1466 1463 1465 1465 1463 1463 1460 1466 1465 1465 1465 1469 1469 1477 1477 1475 1475 1475 1468 1470 1470 1470 1468 1468 1474 1474 1474 1475 1474 1474 1474 1474 1476 1475 1475 1475 1478 1478 1478 1485 1485 1485 1488 1488 1487 1487 1489 1489 1489 1488 1488 1490 1490 1488 1488 1488 1488 1487 1487 1487 1488 1488 1489 1495 1495 1495 1496 1496 1496 1496 1498 1498 1495 1495 1495 1490 1490
1457 1457 1460 1460 1460 1457 1457 1459 1459 1457 1457 1460 1460 1460 1459 1459 1462 1462 1469 1469 1469 1469 1471 1471 1468 1468 1468 1470 1470 1468 1468 1471 1471 1471 1469 1469 1471 1471 1471 1471 1475 1475 1475 1478 1478 1480 1484 1485 1485 1488 1487 1487 1487 1489 1489 1488 1488 1488 1490 1490 1488 1488 1488 1488 1487 1487 1487 1488 1489 1489 1489 1491 1491 1490 1490 1492 1492 1491 1492 1492 1492 1490 1490 1490
1453 1453 1451 1451 1451 1453 1453 1452 1452 1454 1454 1457 1460 1459 1459 1459 1462 1462 1461 1461 1469 1469 1471 1471 1468 1468 1468 1470 1470 1464 1464 1464 1471 1469 1469 1469 1471 1471 1471 1471 1473 1473 1473 1480 1480 1480 1484 1484 1482 1482 1482 1484 1484 1483 1483 1488 1488 1488 1490 1484 1484 1484 1482 1482 1484 1484 1484 1482 1489 1489 1489 1491 1491 1490 1490 1492 1492 1491 1491 1492 1492 1490 1490 1490
