Unity Projects/Assets/StreamingAssets/SceneData/Snow/Terrain File/Terrain.asc
ncols        946
nrows        881
xllcorner    482140.000000000000
yllcorner    6747940.000000000000
cellsize     2.000000000000
NODATA_value -9999
[rows 456 to 493 of 881, columns 504 to 587 of 946]
1121 1121 1121 1121 1119 1120 1120 1120 1120 1122 1122 1122 1123 1123 1123 1123 1124 1124 1124 1125 1125 1126 1126 1126 1126 1127 1127 1127 1127 1127 1127 1128 1128 1128 1128 1129 1129 1129 1129 1130 1130 1130 1131 1131 1131 1132 1132 1132 1133 1133 1134 1134 1134 1135 1135 1136 1136 1136 1137 1137 1137 1138 1138 1138 1139 1139 1139 1139 1139 1139 1139 1140 1140 1139 1139 1140 1140 1140 1139 1140 1141 1141 1141 1141
1119 1121 1121 1121 1119 1119 1120 1120 1120 1121 1121 1121 1122 1123 1123 1123 1124 1124 1124 1124 1125 1125 1126 1126 1126 1127 1127 1127 1127 1127 1127 1127 1128 1128 1128 1128 1129 1129 1129 1130 1130 1131 1131 1131 1131 1131 1131 1133 1133 1133 1134 1134 1134 1135 1135 1136 1136 1137 1137 1137 1137 1137 1138 1138 1139 1139 1139 1139 1139 1139 1139 1139 1139 1139 1139 1139 1140 1139 1139 1140 1140 1141 1141 1141
1119 1119 1121 1121 1119 1119 1120 1120 1120 1121 1121 1121 1121 1122 1122 1122 1124 1124 1124 1124 1125 1126 1126 1126 1126 1127 1127 1127 1127 1127 1127 1127 1127 1128 1128 1128 1128 1129 1129 1130 1130 1130 1131 1131 1131 1132 1132 1133 1133 1133 1134 1134 1134 1134 1135 1136 1136 1136 1137 1137 1137 1138 1138 1138 1139 1139 1139 1139 1139 1139 1139 1139 1139 1139 1139 1139 1139 1139 1139 1140 1140 1140 1141 1141
1119 1119 1119 1121 1119 1120 1120 1120 1120 1121 1121 1121 1121 1122 1122 1122 1123 1123 1123 1124 1126 1126 1126 1126 1126 1127 1127 1127 1127 1127 1127 1127 1127 1127 1128 1128 1128 1128 1129 1130 1130 1130 1130 1131 1132 1132 1132 1133 1133 1133 1133 1134 1134 1134 1134 1136 1136 1136 1136 1137 1138 1138 1138 1138 1139 1139 1139 1139 1139 1139 1139 1139 1139 1139 1139 1139 1139 1139 1139 1140 1140 1140 1140 1141
1117 1117 1117 1117 1119 1119 1119 1119 1119 1120 1120 1121 1121 1122 1122 1122 1122 1123 1123 1124 1125 1125 1125 1125 1126 1126 1126 1126 1126 1126 1127 1127 1127 1127 1128 1128 1128 1128 1129 1130 1130 1130 1130 1130 1131 1132 1132 1133 1133 1133 1133 1134 1134 1134 1134 1135 1136 1136 1136 1136 1137 1137 1137 1137 1138 1138 1138 1138 1138 1138 1139 1139 1139 1139 1138 1139 1139 1139 1139 1138 1139 1139 1139 1139
1117 1117 1117 1117 1118 1119 1119 1119 1119 1119 1120 1120 1120 1120 1122 1122 1122 1123 1124 1124 1125 1125 1125 1126 1126 1126 1126 1126 1126 1126 1127 1127 1127 1127 1128 1128 1128 1129 1129 1129 1129 1130 1130 1130 1131 1131 1131 1131 1133 1133 1133 1134 1134 1134 1134 1135 1135 1136 1136 1136 1137 1137 1137 1137 1138 1138 1138 1138 1138 1138 1138 1139 1139 1138 1138 1138 1139 1139 1138 1138 1138 1139 1139 1139
1117 1117 1117 1117 1118 1118 1119 1119 1119 1119 1119 1120 1120 1120 1122 1122 1122 1124 1124 1124 1125 1125 1125 1126 1126 1126 1126 1126 1126 1126 1127 1126 1127 1127 1128 1128 1128 1129 1129 1129 1129 1130 1130 1130 1131 1131 1131 1131 1132 1132 1133 1134 1134 1134 1134 1135 1135 1135 1136 1136 1137 1137 1137 1137 1138 1138 1138 1138 1138 1138 1138 1138 1138 1138 1138 1138 1138 1138 1138 1138 1138 1138 1139 1139
1117 1117 1117 1117 1118 1118 1118 1119 1119 1119 1119 1120 1120 1120 1122 1122 1122 1123 1123 1124 1125 1125 1125 1125 1126 1126 1126 1126 1126 1126 1127 1126 1126 1127 1128 1128 1128 1128 1129 1129 1130 1130 1130 1130 1131 1131 1131 1131 1132 1132 1132 1132 1134 1134 1134 1135 1135 1135 1135 1136 1137 1136 1136 1137 1138 1138 1138 1138 1138 1138 1138 1138 1138 1138 1138 1138 1138 1138 1138 1138 1138 1138 1138 1139
1117 1117 1117 1117 1118 1118 1118 1118 1119 1119 1120 1120 1120 1120 1122 1122 1122 1123 1123 1123 1124 1124 1124 1125 1125 1126 1125 1125 1125 1125 1125 1125 1125 1125 1128 1128 1128 1128 1128 1130 1130 1130 1130 1130 1131 1131 1131 1131 1132 1132 1132 1132 1134 1134 1134 1134 1134 1134 1135 1136 1136 1136 1136 1136 1138 1138 1138 1138 1138 1138 1138 1138 1138 1138 1138 1138 1138 1138 1138 1138 1138 1138 1138 1138
1116 1116 1116 1116 1117 1118 1118 1118 1118 1119 1119 1119 1119 1120 1122 1122 1122 1123 1123 1124 1124 1124 1124 1124 1125 1125 1125 1125 1125 1125 1125 1125 1125 1125 1126 1127 1127 1127 1127 1128 1129 1129 1129 1129 1129 1130 1130 1130 1130 1132 1132 1132 1134 1134 1134 1134 1134 1134 1134 1134 1135 1136 1136 1136 1136 1136 1137 1137 1137 1137 1137 1137 1137 1137 1137 1137 1137 1137 1137 1137 1138 1138 1138 1138
1115 1116 1116 1116 1117 1117 1118 1118 1118 1119 1119 1119 1119 1120 1121 1121 1121 1121 1124 1124 1124 1124 1124 1125 1125 1125 1125 1125 1125 1125 1125 1125 1125 1125 1126 1126 1127 1127 1127 1128 1128 1129 1129 1129 1129 1129 1130 1130 1130 1131 1131 1131 1134 1134 1134 1134 1134 1134 1134 1134 1135 1135 1136 1136 1136 1136 1137 1137 1137 1137 1137 1137 1137 1137 1137 1137 1137 1137 1137 1137 1137 1138 1138 1138
1115 1115 1116 1116 1117 1117 1117 1118 1118 1119 1119 1119 1120 1120 1121 1121 1121 1122 1123 1123 1123 1124 1125 1125 1125 1125 1125 1124 1125 1125 1125 1124 1124 1125 1126 1126 1126 1127 1127 1128 1128 1127 1129 1129 1129 1129 1129 1130 1130 1131 1131 1131 1131 1132 1132 1132 1134 1134 1134 1134 1135 1135 1135 1136 1136 1136 1136 1137 1137 1137 1137 1136 1137 1137 1137 1137 1136 1137 1137 1137 1137 1137 1138 1138
1115 1115 1115 1116 1117 1117 1117 1117 1118 1119 1119 1119 1119 1120 1121 1121 1122 1122 1123 1123 1123 1123 1124 1124 1124 1125 1124 1124 1124 1125 1124 1124 1124 1124 1126 1126 1126 1126 1127 1128 1127 1127 1127 1129 1129 1129 1129 1129 1130 1131 1131 1131 1131 1132 1132 1132 1132 1133 1133 1133 1135 1135 1135 1135 1136 1136 1136 1136 1137 1137 1136 1136 1136 1137 1137 1136 1136 1136 1137 1137 1137 1137 1137 1138
1115 1115 1115 1115 1117 1117 1117 1117 1117 1119 1119 1119 1119 1119 1121 1122 1122 1122 1123 1123 1123 1123 1124 1124 1124 1123 1124 1124 1124 1123 1123 1123 1123 1123 1123 1124 1124 1124 1124 1125 1125 1127 1127 1127 1129 1129 1129 1129 1127 1131 1131 1131 1131 1132 1132 1132 1132 1133 1133 1133 1133 1134 1134 1134 1134 1135 1135 1135 1135 1134 1135 1136 1136 1136 1136 1136 1136 1136 1136 1137 1137 1137 1137 1137
1114 1115 1115 1115 1115 1117 1117 1117 1117 1118 1119 1119 1119 1119 1120 1121 1121 1121 1121 1123 1123 1123 1124 1124 1123 1123 1124 1124 1124 1123 1123 1123 1123 1123 1123 1124 1124 1124 1124 1124 1125 1125 1125 1125 1126 1127 1127 1127 1127 1127 1129 1129 1129 1129 1132 1132 1132 1133 1133 1133 1133 1134 1134 1134 1134 1135 1135 1135 1134 1134 1135 1135 1135 1135 1135 1136 1136 1136 1136 1136 1137 1137 1137 1137
1114 1114 1115 1115 1115 1116 1117 1117 1117 1118 1118 1119 1119 1119 1120 1120 1121 1121 1121 1122 1122 1122 1122 1123 1123 1123 1123 1124 1123 1123 1123 1123 1123 1123 1123 1123 1124 1124 1124 1124 1125 1125 1125 1125 1126 1126 1127 1127 1127 1128 1128 1129 1129 1129 1130 1130 1130 1130 1133 1133 1133 1133 1134 1134 1134 1134 1135 1134 1134 1134 1135 1135 1135 1135 1135 1135 1136 1136 1136 1136 1136 1137 1137 1137
1114 1114 1114 1115 1115 1116 1116 1117 1117 1118 1118 1118 1119 1119 1120 1120 1120 1121 1121 1122 1122 1122 1122 1123 1123 1123 1123 1122 1122 1122 1122 1121 1122 1122 1122 1122 1122 1123 1124 1124 1125 1125 1125 1125 1126 1126 1126 1127 1127 1128 1128 1128 1129 1129 1130 1130 1130 1130 1130 1131 1131 1131 1131 1132 1132 1132 1132 1134 1134 1134 1134 1135 1135 1135 1135 1135 1135 1135 1136 1136 1136 1136 1137 1137
1114 1114 1114 1114 1115 1116 1116 1116 1117 1118 1118 1118 1118 1119 1120 1120 1120 1120 1121 1122 1122 1122 1122 1122 1123 1123 1122 1122 1122 1122 1122 1121 1121 1122 1122 1122 1122 1123 1123 1123 1122 1124 1124 1125 1125 1126 1126 1126 1127 1128 1128 1128 1128 1129 1129 1130 1130 1130 1130 1131 1131 1131 1131 1132 1132 1132 1132 1133 1133 1133 1133 1134 1134 1134 1135 1135 1135 1135 1135 1136 1136 1136 1136 1137
1113 1114 1114 1114 1114 1116 1116 1116 1116 1118 1118 1118 1118 1118 1120 1120 1120 1120 1120 1121 1122 1122 1122 1122 1123 1123 1122 1122 1122 1122 1121 1121 1121 1122 1122 1122 1122 1123 1123 1122 1122 1124 1124 1124 1123 1125 1125 1125 1125 1128 1128 1128 1126 1126 1126 1128 1130 1130 1130 1131 1131 1131 1131 1132 1132 1132 1132 1132 1133 1133 1133 1133 1134 1134 1133 1134 1134 1134 1134 1134 1135 1135 1136 1136
1113 1114 1114 1114 1113 1115 1116 1116 1116 1116 1118 1118 1118 1118 1118 1119 1119 1119 1119 1119 1121 1121 1121 1121 1123 1121 1121 1122 1122 1122 1121 1121 1121 1121 1122 1122 1122 1122 1123 1122 1122 1122 1124 1123 1123 1123 1125 1125 1124 1124 1125 1126 1126 1126 1126 1127 1128 1128 1128 1128 1129 1129 1129 1129 1132 1132 1132 1132 1133 1133 1133 1133 1134 1134 1133 1133 1134 1134 1134 1134 1135 1135 1135 1135
1113 1114 1114 1113 1113 1115 1115 1116 1116 1116 1117 1118 1118 1117 1118 1118 1119 1119 1119 1119 1120 1121 1121 1120 1120 1120 1121 1121 1120 1119 1120 1120 1120 1120 1120 1121 1121 1120 1120 1121 1121 1121 1124 1123 1123 1123 1125 1125 1124 1124 1125 1125 1126 1126 1126 1127 1127 1128 1128 1128 1129 1129 1129 1129 1130 1131 1131 1131 1130 1131 1131 1131 1134 1133 1133 1133 1134 1134 1134 1134 1135 1135 1135 1135
1113 1114 1113 1113 1113 1115 1115 1115 1116 1116 1117 1117 1117 1117 1118 1118 1118 1119 1119 1120 1120 1120 1120 1120 1120 1120 1120 1120 1120 1119 1119 1120 1120 1120 1120 1120 1121 1120 1120 1121 1121 1121 1121 1122 1122 1122 1125 1124 1124 1124 1125 1125 1125 1126 1126 1127 1127 1128 1128 1129 1129 1129 1129 1129 1130 1130 1131 1130 1130 1131 1131 1131 1131 1132 1132 1132 1132 1133 1133 1134 1134 1135 1135 1135
1111 1111 1112 1112 1113 1115 1115 1115 1115 1116 1117 1117 1117 1117 1118 1118 1118 1118 1119 1120 1120 1119 1119 1120 1120 1120 1119 1119 1120 1119 1119 1119 1120 1120 1120 1120 1119 1120 1120 1121 1121 1121 1121 1122 1122 1121 1121 1123 1123 1123 1125 1125 1125 1125 1127 1127 1127 1127 1128 1129 1129 1128 1128 1129 1130 1130 1130 1130 1130 1131 1131 1131 1131 1132 1132 1132 1132 1132 1133 1133 1133 1134 1134 1134
1111 1111 1112 1112 1112 1113 1114 1114 1114 1117 1117 1116 1116 1116 1115 1118 1118 1118 1118 1120 1119 1119 1119 1119 1120 1119 1119 1119 1119 1119 1119 1119 1119 1120 1120 1119 1119 1119 1120 1121 1121 1121 1121 1122 1122 1121 1121 1123 1123 1123 1123 1124 1124 1124 1124 1125 1125 1127 1127 1129 1128 1128 1128 1128 1130 1130 1130 1130 1130 1131 1131 1131 1131 1131 1132 1132 1132 1132 1133 1133 1133 1133 1134 1134
1111 1111 1112 1112 1113 1113 1114 1114 1114 1114 1115 1116 1116 1115 1115 1116 1117 1117 1117 1117 1118 1118 1118 1118 1117 1117 1117 1117 1117 1117 1118 1118 1118 1117 1117 1118 1118 1118 1117 1118 1119 1119 1119 1119 1121 1121 1121 1123 1123 1123 1123 1124 1124 1124 1124 1125 1125 1125 1125 1126 1126 1127 1127 1127 1127 1128 1128 1128 1128 1129 1130 1130 1130 1130 1130 1131 1131 1131 1130 1133 1133 1133 1134 1133
1111 1111 1112 1113 1113 1113 1114 1114 1114 1114 1115 1115 1115 1115 1115 1116 1117 1117 1117 1117 1117 1118 1118 1117 1117 1117 1117 1117 1117 1117 1117 1118 1117 1117 1117 1117 1118 1117 1117 1118 1118 1119 1119 1119 1120 1120 1120 1119 1123 1123 1123 1124 1124 1124 1124 1124 1125 1125 1125 1125 1126 1127 1127 1127 1127 1127 1128 1128 1128 1129 1129 1130 1130 1129 1130 1130 1131 1131 1130 1131 1131 1131 1131 1133
1111 1111 1111 1112 1112 1112 1114 1114 1114 1114 1115 1115 1115 1115 1116 1116 1116 1117 1117 1117 1117 1117 1117 1117 1117 1117 1116 1117 1117 1117 1117 1116 1117 1117 1117 1117 1116 1117 1117 1118 1118 1117 1119 1119 1120 1120 1120 1119 1121 1121 1121 1121 1123 1123 1124 1124 1125 1125 1125 1125 1126 1126 1126 1127 1127 1127 1127 1128 1128 1129 1129 1129 1129 1129 1130 1130 1129 1130 1130 1131 1131 1131 1131 1132
1111 1111 1111 1112 1112 1112 1112 1113 1113 1113 1115 1115 1115 1115 1116 1116 1116 1116 1117 1117 1117 1117 1117 1117 1117 1117 1116 1116 1117 1117 1116 1116 1116 1117 1117 1116 1116 1116 1117 1118 1117 1117 1117 1119 1120 1120 1119 1119 1121 1121 1121 1121 1121 1123 1123 1122 1122 1124 1124 1125 1126 1126 1126 1126 1127 1127 1127 1127 1128 1129 1129 1128 1128 1129 1130 1130 1129 1129 1130 1131 1131 1131 1131 1132
1111 1111 1111 1112 1112 1112 1112 1113 1113 1113 1113 1114 1114 1114 1114 1115 1115 1115 1116 1115 1116 1116 1116 1116 1117 1116 1116 1115 1115 1114 1115 1115 1115 1115 1114 1115 1115 1115 1115 1115 1116 1117 1117 1117 1120 1119 1119 1119 1119 1121 1121 1121 1121 1123 1123 1122 1122 1124 1124 1123 1123 1125 1125 1125 1124 1126 1126 1127 1127 1129 1128 1128 1127 1127 1130 1129 1128 1128 1128 1128 1129 1131 1131 1131
1110 1110 1110 1110 1112 1112 1112 1113 1113 1113 1113 1114 1114 1114 1114 1115 1115 1115 1114 1115 1115 1116 1116 1115 1114 1114 1115 1115 1115 1114 1114 1115 1115 1114 1114 1115 1115 1115 1115 1115 1116 1116 1116 1115 1116 1116 1118 1118 1118 1118 1120 1120 1120 1123 1122 1122 1122 1124 1124 1123 1123 1125 1125 1124 1124 1126 1126 1126 1125 1126 1126 1127 1127 1127 1127 1127 1128 1128 1128 1128 1128 1129 1129 1129
1109 1110 1110 1109 1110 1110 1110 1110 1113 1113 1113 1114 1114 1114 1114 1114 1115 1114 1114 1115 1115 1115 1115 1115 1114 1114 1115 1115 1114 1114 1114 1115 1115 1114 1114 1114 1115 1115 1115 1115 1116 1116 1115 1115 1116 1116 1118 1118 1118 1119 1119 1120 1120 1120 1121 1121 1121 1121 1123 1123 1123 1125 1125 1124 1124 1124 1126 1125 1125 1125 1126 1126 1127 1127 1127 1127 1127 1128 1128 1128 1128 1129 1129 1129
1109 1109 1109 1109 1110 1110 1110 1110 1111 1111 1111 1111 1112 1112 1112 1114 1114 1114 1114 1114 1115 1115 1115 1115 1114 1114 1114 1115 1114 1114 1113 1112 1112 1112 1112 1112 1111 1113 1115 1115 1116 1115 1115 1115 1115 1116 1116 1118 1118 1119 1119 1119 1120 1120 1121 1121 1121 1121 1122 1122 1122 1122 1123 1123 1123 1124 1126 1125 1125 1125 1126 1126 1126 1127 1127 1127 1127 1127 1128 1128 1128 1128 1129 1129
1109 1108 1108 1109 1110 1110 1110 1110 1110 1111 1111 1111 1111 1112 1112 1112 1113 1113 1113 1113 1115 1115 1115 1115 1113 1113 1113 1112 1113 1113 1113 1112 1112 1112 1112 1111 1111 1113 1113 1113 1112 1114 1114 1115 1115 1116 1117 1117 1118 1119 1119 1119 1119 1120 1121 1121 1121 1121 1121 1122 1122 1122 1122 1123 1123 1123 1123 1124 1124 1124 1126 1126 1126 1126 1123 1127 1127 1127 1127 1128 1128 1128 1128 1129
1108 1108 1108 1108 1110 1110 1110 1110 1110 1111 1111 1111 1111 1112 1112 1112 1112 1113 1113 1113 1114 1114 1114 1113 1113 1113 1113 1112 1112 1113 1113 1112 1112 1112 1112 1111 1111 1111 1113 1112 1112 1114 1114 1114 1114 1116 1116 1117 1117 1119 1119 1119 1119 1119 1121 1121 1121 1121 1121 1122 1122 1122 1122 1123 1123 1123 1123 1124 1124 1123 1123 1124 1124 1124 1123 1125 1125 1125 1124 1124 1126 1126 1126 1126
1106 1107 1107 1107 1107 1109 1109 1109 1109 1109 1110 1110 1110 1110 1112 1112 1112 1113 1113 1113 1113 1114 1114 1113 1113 1113 1112 1112 1112 1112 1110 1110 1110 1110 1110 1110 1110 1110 1113 1112 1112 1112 1114 1114 1114 1116 1116 1116 1115 1115 1116 1118 1118 1117 1117 1118 1119 1119 1119 1120 1121 1121 1121 1120 1123 1123 1123 1124 1124 1123 1123 1124 1124 1123 1123 1123 1125 1125 1124 1124 1126 1126 1126 1126
1106 1106 1107 1107 1108 1108 1109 1109 1108 1109 1109 1110 1110 1110 1111 1111 1111 1111 1112 1113 1113 1114 1113 1113 1111 1110 1111 1111 1111 1110 1110 1110 1110 1109 1109 1110 1110 1110 1110 1111 1111 1111 1114 1114 1114 1114 1116 1116 1115 1115 1116 1116 1117 1117 1117 1118 1119 1119 1119 1120 1120 1121 1121 1120 1121 1121 1121 1120 1121 1121 1121 1123 1124 1123 1123 1123 1125 1124 1124 1124 1124 1126 1126 1126
1106 1106 1106 1107 1108 1108 1108 1108 1108 1109 1109 1109 1110 1110 1111 1111 1111 1111 1112 1112 1112 1111 1111 1111 1111 1110 1110 1111 1111 1110 1110 1110 1109 1109 1109 1109 1109 1110 1110 1111 1111 1111 1111 1112 1112 1112 1116 1115 1115 1115 1116 1116 1116 1117 1118 1118 1118 1119 1119 1120 1120 1120 1120 1120 1121 1121 1121 1120 1120 1121 1121 1121 1121 1121 1121 1121 1121 1121 1122 1122 1122 1122 1124 1124
1106 1106 1106 1107 1108 1108 1108 1108 1108 1109 1109 1109 1109 1110 1111 1111 1111 1111 1112 1112 1111 1111 1111 1111 1111 1110 1110 1110 1111 1110 1109 1109 1109 1109 1109 1109 1109 1109 1110 1111 1111 1111 1111 1112 1112 1112 1112 1114 1114 1114 1116 1116 1116 1116 1118 1118 1118 1118 1119 1120 1120 1119 1119 1120 1121 1121 1120 1120 1120 1121 1121 1121 1121 1121 1121 1121 1121 1121 1122 1122 1122 1122 1124 1124
